1216579728224292895
1069299244198002778
1159940873883230339
453883168353943553
1213962139665047583
1150410511415001098
1139552203355476033
1217183751692619995
1059798157132824676
1216100261030793386
1175764215915626588
1001496835938070580
820293993820061787
1126791895864061973
837304857554583554
1213921499598164080
1100809329411641344
1050849851035877436
1066391783229096057
1203263223932125190
471588686656438276
1152222063323533392
1211997623679066154
926095065712066571
1188975297220059158
484737643259625523
829685360396468254